# Definitions of the elliptial shape of galaxies found from using sep & sigma=1.5
# SN name, x, y, a, b, theta
# str, pixel, pixel, pixel, pixel, radians
12781,[ (1067.7423236247066, 999.4764696133366, 43.44405746459961, 38.15829086303711, 0.2677328884601593)]
12860,[ (551.8081146318616, 1079.9572246496814, 13.068055152893066, 10.596988677978516, 1.446299433708191)]
12874,[ (957.7449682768773, 1112.468299397107, 35.241024017333984, 22.85056495666504, -1.0337718725204468)]
12928,[ (993.0068645600408, 1116.263924382156, 37.614437103271484, 22.46035385131836, 0.5726896524429321)]
12930,[ (349.39277327105935, 174.45887359148182, 13.166523933410645, 10.389748573303223, 1.4332361221313477)]
13038,[ (166.6166204690201, 423.49180804094607, 9.911906242370605, 5.561508655548096, 1.5474921464920044)]
13135,[ (1095.2812889564061, 948.8181689011911, 46.624046325683594, 18.160606384277344, 1.350181221961975)]
13354,[ (629.2428481223856, 1012.4819561108815, 55.857643127441406, 16.89849281311035, 1.5052770376205444)]
13411,[ (1053.0048605825712, 750.0186541742521, 19.60016441345215, 16.208545684814453, 1.3194793462753296)]
13506,[ (1073.4802743196306, 1053.3205968387208, 12.873443603515625, 5.453978061676025, -0.1771145462989807)]
13615,[ (330.8462014951165, 61.16920000081291, 11.900614738464355, 10.082832336425781, 1.4065078496932983)]
13689,[ (76.96985992352697, 993.0895585615808, 103.28372955322266, 37.082855224609375, 1.4648816585540771)]
13894,[ (452.20981099209973, 254.3436769510093, 24.70946502685547, 9.851295471191406, 1.1819336414337158)]
13896,[ (1628.2854568766772, 635.8561233894503, 30.842435836791992, 15.015626907348633, -1.098188877105713)]
14113,[ (970.3835018112767, 956.8241146422438, 11.973140716552734, 8.874395370483398, 1.3984187841415405)]
14157,[ (1076.2449798045668, 1081.108687428967, 24.509723663330078, 20.800642013549805, -0.637242317199707)]
1415,[ (1075.6214058144144, 1042.2975354911164, 30.01184844970703, 19.923686981201172, 1.3260775804519653)]
14279,[ (1064.2240088717638, 1141.0727721627459, 59.862125396728516, 33.310890197753906, -1.410853385925293)]
14284,[ (976.6872279179638, 231.89670984723878, 7.131383895874023, 5.2965898513793945, 1.328358769416809)]
14437,[ (1754.1495397719884, 1571.242800933908, 3.4533488750457764, 2.9852092266082764, -1.5116697549819946)]
14871,[ (172.00550720323238, 312.8513750620055, 6.297239780426025, 5.285707473754883, 1.3275620937347412)]
14984,[ (2081.712320125369, 1703.1478180981876, 13.686763763427734, 7.682921409606934, 1.4954768419265747)]
15171,[ (1718.4083907752542, 1585.4095095570292, 9.93874740600586, 8.18447494506836, 1.416844129562378)]
15222,[ (1046.093753757417, 1142.927098298776, 35.37216567993164, 17.370267868041992, -1.4463425874710083)]
15229,[ (1436.7734485632486, 1043.0094181800255, 49.970787048339844, 11.96031379699707, 1.2315911054611206)]
15345,[ (354.27235844953645, 533.6959000604442, 13.4020357131958, 9.662851333618164, 1.4816001653671265)]
15461,[ (616.4926208209806, 1641.898174309502, 7.616173267364502, 7.235276222229004, 0.07960321754217148)]
15587,[ (1095.2968845821924, 969.8756406180482, 36.64873504638672, 16.54463005065918, -1.2707175016403198)]
15850,[ (1144.0692924808832, 928.8149597365846, 18.1224308013916, 13.081199645996094, -0.10044267028570175)]
17208,[ (1002.3196307593325, 707.3916927407854, 3.989199638366699, 3.5704376697540283, -1.56023108959198)]
17371,[ (228.93441343690918, 1747.0912443232855, 19.347003936767578, 10.34012222290039, 1.5043854713439941)]
17745,[ (1730.3071026093355, 1811.9839909839295, 37.37065124511719, 10.219911575317383, -0.9394417405128479)]
17884,[ (2069.3928889819686, 1542.9018695051727, 73.3100357055664, 38.11583709716797, -0.4545983076095581)]
17886,[ (980.6866406091248, 976.6038675391546, 100.8153076171875, 65.40422058105469, -1.4606907367706299)]
18030,[ (1083.9473321854919, 1711.3185268596446, 6.156919479370117, 5.5592942237854, 1.4007114171981812)]
18241,[ (960.3968356827521, 755.8612360860632, 9.369068145751953, 8.053771018981934, 1.3708245754241943)]
18323,[ (1264.8523108242587, 634.8651384251801, 23.70516586303711, 16.00942039489746, 0.5483269095420837)]
18415,[ (1023.9339179720257, 895.0863731903348, 8.377457618713379, 7.344385623931885, 1.3031953573226929)]
18602,[ (382.3206894773794, 1089.7141847049502, 21.778343200683594, 9.563102722167969, 0.1160312071442604)]
18835,[ (1058.8819691368167, 1130.5570026789294, 28.818706512451172, 22.258373260498047, -0.856605589389801)]
19023,[ (570.1714748231141, 412.9178382113021, 15.610761642456055, 11.030213356018066, 1.4938831329345703)]
19048,[ (955.0852592576603, 1677.2638245392277, 14.916245460510254, 10.424906730651855, 1.4632337093353271)]
19174,[ (1023.3287162510883, 1059.9190772643542, 26.428091049194336, 7.710216522216797, -1.0129246711730957)]
19282,[ (617.3906403877148, 1031.960058957456, 13.922000885009766, 10.92137622833252, -1.2703239917755127)]
19323,[ (955.7949344149827, 1065.759653988788, 45.04853820800781, 39.383941650390625, 1.0987441539764404)]
19616,[ (1119.759165994632, 1169.1939782915872, 29.094234466552734, 21.843656539916992, 1.5099021196365356)]
20350,[ (914.6787824420185, 1125.6554538061393, 34.85768508911133, 25.58687973022461, 1.366600751876831)]
20874,[ (1185.5924384613584, 1849.367871028482, 8.617960929870605, 7.594324588775635, 1.260243535041809)]
2102,[ (1180.930438738998, 216.17675139500722, 19.12303924560547, 13.990705490112305, -0.18691188097000122)]
2440,[ (1889.9605208629453, 1730.559268653591, 5.49246883392334, 4.738598346710205, 1.3694157600402832)]
2561,[ (1168.522523271626, 1181.4720182726826, 61.819095611572266, 15.016013145446777, 0.6910892128944397)]
2635,[ (1026.464921354187, 1049.147827037793, 24.86210823059082, 18.3868465423584, -1.5259133577346802)]
2992,[ (1281.5007767265863, 155.37375544087996, 57.66671371459961, 32.50117111206055, -1.2874032258987427)]
3488,[ (1237.7463211211611, 1710.5976632917045, 11.934487342834473, 9.434733390808105, 1.4178639650344849)]
4019,[ (960.7115997679059, 1026.6273631309048, 30.524972915649414, 27.550527572631836, -0.9858020544052124)]
5103,[ (358.3707630493892, 50.57040475971689, 4.2845892906188965, 3.7103474140167236, 1.2983362674713135)]
5550,[ (1033.1513746265816, 540.7340765531841, 21.594308853149414, 16.35773468017578, 1.2418040037155151)]
6057,[ (1051.8863674375468, 1090.5827389936978, 46.325592041015625, 39.46342849731445, -0.6301572322845459)]
6491,[ (959.2873950826781, 957.6034957053142, 70.99024200439453, 37.11793899536133, 0.37674498558044434)]
6614,[ (1004.2324539087754, 1029.787669665245, 18.83002281188965, 17.11668586730957, 0.6664754152297974)]
8297,[ (1570.1718393530796, 276.67582094873364, 17.236215591430664, 15.582727432250977, 0.6663853526115417)]
