# Definitions of the elliptial shape of galaxies found from using sep & sigma=1.5
# SN name, x, y, a, b, theta
# str, pixel, pixel, pixel, pixel, radians
1.278100000000000000e+04,1.067742323624706614e+03,9.994764696133365760e+02,4.344405746459960938e+01,3.815829086303710938e+01,2.677328884601593018e-01
1.286000000000000000e+04,1.037985668262597528e+03,1.164125788586960880e+03,4.233506393432617188e+01,1.619042205810546875e+01,-8.957349061965942383e-01
1.287400000000000000e+04,9.577449682768773300e+02,1.112468299397107103e+03,3.524102401733398438e+01,2.285056495666503906e+01,-1.033771872520446777e+00
1.292800000000000000e+04,1.031191536355680682e+03,1.029578054666155595e+03,5.829272270202636719e+00,2.692819595336914062e+00,-1.473181486129760742e+00
1.293000000000000000e+04,1.054319875265052588e+03,1.080131387405130454e+03,1.356726360321044922e+01,7.262230396270751953e+00,-7.657092213630676270e-01
1.303800000000000000e+04,1.057246419118101812e+03,1.029905202485731934e+03,2.440162658691406250e+00,9.643936157226562500e-01,-1.464828014373779297e+00
1.313500000000000000e+04,1.018575457521469730e+03,9.496298769329481502e+02,4.239225387573242188e+00,2.201581001281738281e+00,1.028302431106567383e+00
1.335400000000000000e+04,1.018395814759567202e+03,1.031965160747755135e+03,8.921499252319335938e+00,6.570459365844726562e+00,6.329792141914367676e-01
1.341100000000000000e+04,1.013788577147122965e+03,1.065981772224925862e+03,1.255405330657958984e+01,4.031620025634765625e+00,-2.329736649990081787e-01
1.350600000000000000e+04,1.032133483435249673e+03,1.051361221044232707e+03,4.446723937988281250e+00,2.760478258132934570e+00,1.095125973224639893e-01
1.361500000000000000e+04,1.073433190929810735e+03,1.034934004897734894e+03,8.762423515319824219e+00,5.005573749542236328e+00,4.517781138420104980e-01
1.368900000000000000e+04,1.108859555642771056e+03,1.077181619748212370e+03,2.242593526840209961e+00,1.663451790809631348e+00,1.463502049446105957e+00
1.389400000000000000e+04,1.026033785485174803e+03,1.054375319366496569e+03,9.345540046691894531e+00,4.180018901824951172e+00,-1.474478721618652344e+00
1.389600000000000000e+04,1.036457887542138224e+03,1.051978411862398843e+03,6.993205070495605469e+00,5.216960430145263672e+00,-8.418317139148712158e-02
1.411300000000000000e+04,1.041119347712376111e+03,1.048599030687993263e+03,1.019341945648193359e+01,9.670988082885742188e+00,1.278753042221069336e+00
1.415700000000000000e+04,1.076244979804566810e+03,1.081108687428966959e+03,2.450972366333007812e+01,2.080064201354980469e+01,-6.372423171997070312e-01
1.415000000000000000e+03,1.075621405814414402e+03,1.042297535491116378e+03,3.001184844970703125e+01,1.992368698120117188e+01,1.326077580451965332e+00
1.427900000000000000e+04,1.064224008871763772e+03,1.141072772162745878e+03,5.986212539672851562e+01,3.331089019775390625e+01,-1.410853385925292969e+00
1.428400000000000000e+04,1.063129867320395533e+03,1.055673891827822217e+03,1.386520481109619141e+01,3.977477788925170898e+00,-1.286787629127502441e+00
1.443700000000000000e+04,9.926354884209119973e+02,1.024216769558924170e+03,3.396436929702758789e+00,2.850096225738525391e+00,-1.406729340553283691e+00
1.487100000000000000e+04,1.026365939461202288e+03,1.069717518083245068e+03,9.379708290100097656e+00,4.259522914886474609e+00,1.368019580841064453e+00
1.498400000000000000e+04,1.036428585153419363e+03,1.081710974846270346e+03,2.804222297668457031e+01,2.206340217590332031e+01,-1.380720019340515137e+00
1.517100000000000000e+04,1.057933066792853197e+03,1.082818367027679869e+03,7.007840156555175781e+00,3.829181909561157227e+00,-1.499987721443176270e+00
1.522200000000000000e+04,1.046093753757417062e+03,1.142927098298775945e+03,3.537216567993164062e+01,1.737026786804199219e+01,-1.446342587471008301e+00
1.522900000000000000e+04,1.027788024111796403e+03,1.055262680659034913e+03,5.828410625457763672e+00,3.889768600463867188e+00,-1.845340877771377563e-01
1.534500000000000000e+04,1.040113182866507259e+03,1.041142008680518074e+03,2.085600852966308594e+00,1.879971861839294434e+00,1.342310667037963867e+00
1.546100000000000000e+04,1.106051444020121608e+03,1.003102277239004479e+03,2.423639297485351562e+01,1.987259101867675781e+01,-5.588105320930480957e-01
1.558700000000000000e+04,1.062513291205671749e+03,9.856421196309812558e+02,2.008970832824707031e+01,1.398662948608398438e+01,-7.039279341697692871e-01
1.585000000000000000e+04,1.144069292480883178e+03,9.288149597365845693e+02,1.812243080139160156e+01,1.308119964599609375e+01,-1.004426702857017517e-01
1.720800000000000000e+04,1.067726798181492995e+03,1.111826579095543821e+03,5.226797103881835938e+00,4.035229682922363281e+00,7.458032965660095215e-01
1.737100000000000000e+04,1.082730034765318123e+03,1.071079423510362631e+03,9.439364433288574219e+00,4.232389450073242188e+00,-1.033119320869445801e+00
1.774500000000000000e+04,1.048382885828597864e+03,1.054520932447819177e+03,2.350863075256347656e+01,1.807955360412597656e+01,-6.339059472084045410e-01
1.788400000000000000e+04,1.026228870977074621e+03,1.059790495189632111e+03,1.328009319305419922e+01,1.068908691406250000e+01,-3.057536780834197998e-01
1.788600000000000000e+04,9.806866406091247654e+02,9.766038675391546349e+02,1.008153076171875000e+02,6.540422058105468750e+01,-1.460690736770629883e+00
1.803000000000000000e+04,1.028782681531689605e+03,1.026966615509168832e+03,1.657145309448242188e+01,1.252592849731445312e+01,-3.944086730480194092e-01
1.824100000000000000e+04,1.070109903424447111e+03,1.054424802975722059e+03,1.595934295654296875e+01,1.039810085296630859e+01,1.110378623008728027e+00
1.832300000000000000e+04,9.970799841505789800e+02,1.062169945914054324e+03,1.456719207763671875e+01,4.405976772308349609e+00,-3.000296056270599365e-01
1.841500000000000000e+04,1.094852161688844035e+03,1.064791531101614964e+03,2.737269973754882812e+01,1.179419136047363281e+01,1.473497271537780762e+00
1.860200000000000000e+04,1.076306431388459941e+03,1.027400155982694287e+03,1.488201427459716797e+01,4.807692050933837891e+00,7.501063346862792969e-01
1.883500000000000000e+04,1.058881969136816679e+03,1.130557002678929393e+03,2.881870651245117188e+01,2.225837326049804688e+01,-8.566055893898010254e-01
1.902300000000000000e+04,9.130178666045017053e+02,8.865324986609726921e+02,2.138334274291992188e+00,1.462064385414123535e+00,-3.754676580429077148e-01
1.904800000000000000e+04,1.046364209519921815e+03,1.135074868605851179e+03,1.743865013122558594e+01,1.536818695068359375e+01,-1.152928829193115234e+00
1.917400000000000000e+04,1.023328716251088281e+03,1.059919077264354200e+03,2.642809104919433594e+01,7.710216522216796875e+00,-1.012924671173095703e+00
1.928200000000000000e+04,1.029883812641286340e+03,1.048425955671742940e+03,3.719158887863159180e+00,2.323202610015869141e+00,1.528837919235229492e+00
1.932300000000000000e+04,1.007068755316654801e+03,9.808648952659157203e+02,4.948822021484375000e+00,2.576139688491821289e+00,-1.565492272377014160e+00
1.961600000000000000e+04,1.152174505467842437e+03,1.103414272982573493e+03,3.184006881713867188e+01,7.589838981628417969e+00,1.105913043022155762e+00
2.035000000000000000e+04,1.052681136703054108e+03,9.965777385353487716e+02,3.317831277847290039e+00,2.338757038116455078e+00,1.393205404281616211e+00
2.087400000000000000e+04,1.071589583733602694e+03,1.101688867366310433e+03,1.361129665374755859e+01,9.944816589355468750e+00,-4.750000238418579102e-01
2.102000000000000000e+03,1.035695244134708219e+03,1.086356788695467003e+03,1.250271320343017578e+01,5.739716529846191406e+00,4.799875915050506592e-01
2.440000000000000000e+03,1.043389442876411522e+03,1.040081683579407127e+03,2.220877647399902344e+00,1.683584690093994141e+00,3.373979032039642334e-01
2.561000000000000000e+03,1.122148867506687111e+03,9.530402309668276075e+02,3.556211948394775391e+00,2.598821878433227539e+00,-6.147978901863098145e-01
2.635000000000000000e+03,1.026464921354187027e+03,1.049147827037792922e+03,2.486210823059082031e+01,1.838684654235839844e+01,-1.525913357734680176e+00
2.992000000000000000e+03,1.084983310916069740e+03,1.081293707542517723e+03,2.625452423095703125e+01,1.863628196716308594e+01,-7.408868074417114258e-01
3.488000000000000000e+03,1.066839228112999763e+03,1.039588289683196081e+03,6.983877658843994141e+00,5.498462677001953125e+00,1.287840843200683594e+00
4.019000000000000000e+03,9.607115997679059092e+02,1.026627363130904769e+03,3.052497291564941406e+01,2.755052757263183594e+01,-9.858020544052124023e-01
5.103000000000000000e+03,1.043414201934666607e+03,1.058765467263122446e+03,2.816776990890502930e+00,1.795863270759582520e+00,2.862334847450256348e-01
5.550000000000000000e+03,1.029743180513255538e+03,1.043897026640751619e+03,1.810755920410156250e+01,1.360098171234130859e+01,9.334335327148437500e-01
6.057000000000000000e+03,1.051886367437546824e+03,1.090582738993697831e+03,4.632559204101562500e+01,3.946342849731445312e+01,-6.301572322845458984e-01
6.491000000000000000e+03,1.056977511330255311e+03,1.129153380382345631e+03,4.560456275939941406e+00,4.340317726135253906e+00,1.250576138496398926e+00
6.614000000000000000e+03,1.004232453908775369e+03,1.029787669665244948e+03,1.883002281188964844e+01,1.711668586730957031e+01,6.664754152297973633e-01
8.297000000000000000e+03,1.065535514954323844e+03,8.151033322100860232e+02,4.769577026367187500e+00,2.553556680679321289e+00,-8.552162647247314453e-01
